59 264
63 293
66 328
71 365
82 407
102 447
138 479
175 497
239 513
289 498
327 478
360 447
382 407
394 371
398 331
405 297
409 265
133 218
150 219
166 221
181 228
194 233
266 231
291 227
303 219
320 215
337 213
233 261
233 275
231 301
233 329
199 359
209 355
229 361
247 356
267 359
129 241
149 240
175 246
191 266
171 270
147 261
271 265
283 252
301 243
333 245
314 264
294 271
176 398
195 385
209 383
234 381
252 379
271 390
286 399
273 413
254 427
237 427
213 431
192 419
198 403
212 397
235 397
255 397
268 399
253 409
235 411
215 410
0 0
230 0
460 0
0 271
0 541
230 541
460 271
460 541
