58 265
61 304
67 345
71 384
87 418
117 456
149 484
191 507
240 513
287 505
318 485
363 456
381 421
396 386
401 351
401 310
405 268
136 217
159 226
169 234
183 237
198 246
257 244
269 238
289 234
307 225
323 219
232 265
235 288
235 319
235 343
193 353
209 351
232 362
259 351
273 352
123 254
147 253
177 259
183 271
174 276
153 275
280 271
295 255
318 247
339 253
318 270
302 277
144 455
159 415
193 393
233 397
275 398
311 421
320 459
289 451
272 427
237 431
197 427
175 451
163 445
179 415
236 408
283 407
310 445
285 421
237 417
188 417
0 0
230 0
460 0
0 271
0 541
230 541
460 271
460 541
