55 263
59 300
67 342
77 392
90 426
113 456
144 485
177 498
235 512
287 501
323 486
349 460
377 428
385 396
395 344
400 308
405 259
139 213
156 215
169 222
185 226
195 232
269 228
283 224
295 221
313 215
325 213
233 260
234 283
234 307
236 329
197 349
216 345
235 358
247 348
270 351
129 246
154 246
178 246
191 262
175 270
159 266
273 266
280 254
308 246
331 246
316 261
294 270
175 403
193 390
219 394
233 399
249 391
272 391
289 405
275 417
255 424
235 424
215 424
193 415
199 406
213 402
231 405
247 406
259 407
251 411
237 413
223 414
0 0
230 0
460 0
0 271
0 541
230 541
460 271
460 541
