55 258
55 289
66 320
69 353
81 391
104 437
133 467
171 484
227 500
285 489
319 470
360 441
377 394
389 357
393 324
393 291
399 257
133 218
149 222
163 223
175 231
191 237
271 235
289 227
306 221
315 219
333 218
229 260
231 284
230 307
230 327
201 345
214 351
223 354
246 352
259 345
122 245
153 247
175 252
185 263
168 271
146 263
274 265
283 249
307 244
337 247
319 261
295 269
176 399
198 389
221 388
227 388
241 387
263 386
284 401
263 413
242 418
229 413
211 419
192 412
200 401
221 395
234 395
241 396
253 399
237 405
228 405
219 404
0 0
230 0
460 0
0 271
0 541
230 541
460 271
460 541
