55 268
59 299
65 326
73 362
79 391
96 429
121 459
161 482
229 500
295 487
325 463
359 435
376 391
385 365
389 334
389 302
393 267
141 202
149 210
166 220
182 228
193 245
270 236
275 222
288 213
301 204
312 198
231 257
231 279
232 306
232 325
203 344
213 340
232 349
245 343
258 343
123 246
149 245
177 248
191 266
175 271
149 259
265 264
278 249
305 237
331 239
311 259
285 266
142 449
161 419
194 389
225 388
263 391
300 423
319 454
289 443
261 425
229 415
202 420
165 445
164 436
189 406
228 397
269 409
293 431
272 422
229 406
192 416
0 0
230 0
460 0
0 271
0 541
230 541
460 271
460 541
