56 265
65 302
65 332
73 375
91 421
119 471
165 495
195 511
235 513
278 507
306 497
343 469
373 425
391 378
399 335
398 302
407 263
135 223
145 223
159 224
186 229
197 234
261 231
283 231
297 225
324 223
331 223
234 259
233 283
233 307
233 333
196 357
209 351
236 364
251 354
269 354
135 246
153 243
189 250
195 263
182 270
157 263
271 266
281 247
311 243
331 249
316 260
299 265
174 404
197 387
221 376
235 381
256 377
271 389
287 404
277 414
260 425
230 427
207 422
193 418
196 402
215 397
232 396
249 396
265 402
249 407
237 407
216 407
0 0
230 0
460 0
0 271
0 541
230 541
460 271
460 541
