1 36 41
36 1 0
49 31 50
31 49 48
29 31 39
31 29 30
2 1 41
31 2 41
2 31 3
48 4 3
4 48 5
35 54 53
54 35 14
40 38 39
38 40 37
6 5 48
46 44 45
44 46 47
7 6 59
30 33 32
33 30 34
8 7 57
9 8 56
10 9 55
35 30 29
30 35 34
11 10 54
12 11 54
31 41 40
13 12 54
20 37 19
37 20 38
14 13 54
37 18 19
18 37 36
15 14 46
39 31 40
16 15 45
18 36 17
0 17 36
27 22 42
22 27 21
19 23 20
23 19 24
22 21 20
20 23 22
22 43 42
43 22 23
20 21 38
27 42 28
43 24 44
24 43 23
24 25 44
44 47 43
26 16 45
25 26 45
21 27 39
29 42 35
42 29 28
27 28 39
33 52 51
52 33 34
63 52 53
52 63 51
28 29 39
58 7 59
7 58 57
50 31 32
61 66 67
66 61 62
51 63 62
31 30 32
48 3 31
33 50 32
50 33 51
10 55 54
35 53 52
14 35 46
34 35 52
15 46 45
37 40 41
36 37 41
38 21 39
35 42 47
44 25 45
42 43 47
46 35 47
6 48 59
48 49 60
66 65 56
65 66 62
49 50 61
56 8 57
50 51 61
55 63 53
63 55 65
54 55 64
53 54 64
55 53 64
55 9 56
49 61 67
55 56 65
49 67 60
56 57 66
60 67 59
57 58 66
59 48 60
58 59 67
67 66 58
61 51 62
62 63 65
