11 189
12 216
13 254
18 296
31 344
55 395
97 437
152 481
233 525
308 487
363 438
400 399
430 351
440 302
448 259
449 223
451 193
62 164
95 177
129 189
163 203
199 215
270 217
295 205
331 193
361 183
408 166
233 237
235 265
235 294
237 315
189 337
213 344
237 344
264 345
291 340
53 231
105 218
141 222
173 239
145 256
99 259
289 241
335 221
379 219
427 231
391 255
337 266
102 378
144 360
186 374
237 381
289 377
323 361
371 386
327 436
293 464
240 451
191 459
144 434
123 390
165 385
239 395
305 388
354 397
307 426
245 438
167 428
0 0
230 0
460 0
0 271
0 541
230 541
460 271
460 541
