57 257
61 291
67 328
73 371
87 411
114 447
143 472
178 491
227 501
273 493
317 474
346 448
371 412
383 375
390 331
394 291
398 261
115 223
133 214
154 212
173 217
189 227
270 229
286 220
307 215
323 220
341 229
223 259
225 287
227 306
227 326
193 337
210 349
229 354
246 351
259 343
126 242
149 241
174 250
186 265
166 264
141 256
267 262
281 248
301 239
325 243
311 258
290 263
173 396
189 381
210 372
226 377
244 371
262 383
281 396
266 411
246 418
228 416
207 418
189 411
192 395
211 392
229 392
249 392
265 394
248 396
230 400
212 396
0 0
230 0
460 0
0 271
0 541
230 541
460 271
460 541
