53 260
58 302
62 328
69 362
77 398
92 426
115 460
156 492
237 508
297 494
340 466
371 430
383 400
396 366
395 332
401 305
403 262
125 214
148 220
172 224
193 231
201 234
271 231
279 231
295 222
315 217
331 216
232 258
232 276
232 302
232 324
196 351
209 344
230 350
246 349
261 352
123 250
152 248
172 250
191 266
177 270
155 269
267 264
285 249
309 246
335 253
317 268
293 272
177 402
191 386
215 382
231 380
254 380
273 392
285 401
267 417
259 419
230 419
213 418
201 416
200 403
221 399
229 399
249 399
267 402
239 408
227 408
218 408
0 0
230 0
460 0
0 271
0 541
230 541
460 271
460 541
