54 257
56 294
63 329
72 367
78 397
100 435
139 479
186 493
237 500
286 493
322 477
361 439
381 403
391 369
396 333
401 299
407 261
130 214
147 222
165 228
181 229
195 238
270 231
288 225
302 218
315 213
331 207
232 259
235 279
235 304
236 327
194 334
209 343
227 349
251 343
269 333
123 250
145 240
170 250
184 263
166 271
145 267
277 264
291 245
315 243
339 254
325 265
299 271
174 395
196 382
219 379
232 377
251 375
272 383
287 393
273 405
251 416
233 419
217 416
199 412
199 398
217 392
232 392
245 392
263 392
245 404
235 403
223 402
0 0
230 0
460 0
0 271
0 541
230 541
460 271
460 541
