60 265
61 295
60 329
67 366
79 411
103 449
139 483
180 502
236 514
291 503
321 485
359 451
384 413
395 373
397 335
399 299
403 266
137 217
156 223
179 221
188 227
197 232
271 225
279 221
287 217
302 214
325 213
233 257
231 283
231 307
231 321
193 351
215 353
235 354
249 348
269 357
133 253
160 244
180 254
191 266
176 271
159 267
273 262
289 248
304 246
327 252
313 267
295 269
179 405
201 389
218 389
227 395
241 387
261 392
287 405
265 419
249 427
231 422
213 427
196 419
200 412
211 406
226 406
245 407
260 407
248 415
235 415
217 414
0 0
230 0
460 0
0 271
0 541
230 541
460 271
460 541
